	meshes 1
		name pCubeShape1
			vertices 36
				p -0.5 0.5 0.5
				p 0.5 -0.5 0.5
				p -0.5 -0.5 0.5
				p 0.5 0.5 0.5
				p 0.5 -0.5 0.5
				p -0.5 0.5 0.5
				p 0.5 0.5 -0.5
				p -0.5 0.5 0.5
				p -0.5 0.5 -0.5
				p 0.5 0.5 0.5
				p -0.5 0.5 0.5
				p 0.5 0.5 -0.5
				p -0.5 -0.5 -0.5
				p 0.5 0.5 -0.5
				p -0.5 0.5 -0.5
				p 0.5 -0.5 -0.5
				p 0.5 0.5 -0.5
				p -0.5 -0.5 -0.5
				p -0.5 -0.5 0.5
				p 0.5 -0.5 -0.5
				p -0.5 -0.5 -0.5
				p 0.5 -0.5 0.5
				p 0.5 -0.5 -0.5
				p -0.5 -0.5 0.5
				p 0.5 0.5 0.5
				p 0.5 -0.5 -0.5
				p 0.5 -0.5 0.5
				p 0.5 0.5 -0.5
				p 0.5 -0.5 -0.5
				p 0.5 0.5 0.5
				p -0.5 0.5 -0.5
				p -0.5 -0.5 0.5
				p -0.5 -0.5 -0.5
				p -0.5 0.5 0.5
				p -0.5 -0.5 0.5
				p -0.5 0.5 -0.5
